4
4
0.000000000 0.296991084 0.708836525 1.114866078 
0.091604860 0.386817066 0.741937300 1.064974096 
3.048114068 2.489737000 -2.310376801 1.725335127 
-2.588884489 2.134234105 -2.613716590 -1.059591479 
1.542605453 1.882564856 2.296912385 2.740039369 
1.591946604 2.027162755 2.776239248 -0.270278604 
-1.874842612 2.502045198 -0.830894291 -1.786653767 
-2.190345368 -2.850476445 -2.951095218 -2.614033389 
-3.040808967 -2.707228899 -2.316433539 -1.925278600 
-1.245374407 2.003115302 1.766554552 2.388135438 
-2.104340223 -2.459353685 -0.953476950 1.828434010 
-2.056178624 -2.673680543 -2.249304949 -1.908265213 
-1.523325576 -1.177707295 -0.748650541 -0.398825282 
2.746920274 -2.994255613 3.074257281 -2.916845799 
-0.481795206 -2.266938137 2.536576592 1.923918847 
-1.314478672 -0.967598836 0.417716410 1.780416343 
-0.296991084 0.000000000 0.366572864 0.744200010 
-2.120052768 -0.644254710 -0.212231165 -1.623315736 
-1.988747388 -2.329879561 -1.516113168 -2.493735569 
-1.241020668 -0.449598315 1.879094002 2.090716954 
1.219143817 1.568458054 1.963754291 2.352714949 
-1.168147734 -1.866507065 -1.056295798 -0.240785057 
-0.073718286 -1.207207848 -1.711733879 -2.885860464 
0.067453228 -2.863138289 2.189001176 2.391569724 
2.969460910 -3.032982588 -2.679349964 -2.300902059 
0.003879937 1.256112184 0.607761481 2.750644404 
-2.792837477 -2.067392077 -1.654941817 -2.321407660 
2.404623079 1.246447274 2.734082097 -3.052804283 
-1.844581843 -1.511619118 -1.102276686 -0.761588405 
-2.040223275 2.707836986 -2.892318507 -2.667420685 
-2.147063706 -2.234295713 2.965830879 2.983013738 
-3.004402601 -2.431804532 -2.105960684 -1.085321534 
-0.708836525 -0.366572864 0.000000000 0.355539167 
-1.964057666 -2.202692564 -2.442298226 -3.131548679 
-1.954398600 -1.988897210 2.260389479 2.600501696 
-0.361803826 0.487902045 1.085193667 1.915598553 
0.846262453 1.195942270 1.587778396 1.960152914 
-0.083454362 2.151264867 -2.130605057 -1.750117016 
-2.452102905 -1.603129500 -3.060464801 -1.649342094 
-1.452265071 3.114358053 0.286055350 2.186075896 
2.588346466 2.860724623 -3.045182915 -2.701891794 
-2.921967599 -2.814570367 -2.595735908 3.112717620 
1.725879861 2.436396470 -2.075043533 2.707178455 
-0.710301821 -0.945978814 -1.111698064 -2.770770260 
-2.190163543 -1.880296859 -1.471124768 -1.174843001 
-1.908011105 -1.957007173 -2.317567908 -2.321295897 
-2.472945508 -2.347378917 2.753584053 -2.830325670 
2.441048867 -2.892451999 -3.097470718 3.012342562 
-1.114866078 -0.744200010 -0.355539167 0.000000000 
-2.533937107 -0.968554873 -0.761675928 -0.683824026 
2.428711274 3.014040242 2.350996118 2.205983526 
-1.063131365 -0.952994432 -1.389408003 -1.386806206 
0.447006914 0.818615212 1.224575682 1.589673316 
-2.427303446 1.046468572 2.744469773 -2.893260268 
-2.848364936 -1.464285662 -1.745456477 -1.696962409 
1.853754549 -2.359736786 2.630563900 1.886892890 
2.135290435 2.464474547 2.865352871 -3.096877247 
-2.965946289 2.985468442 -3.003421612 -2.273396188 
0.322436373 0.512467418 -1.943544727 -2.396215072 
-0.036306855 -0.333578961 0.707487428 1.359031082 
-2.661136794 -2.284254284 -1.855472335 -1.540491690 
-2.723183700 -2.025998716 -2.298737512 -1.036913951 
-1.552692105 0.809733021 -0.265088028 -0.755723078 
2.086605055 2.400468508 2.476471139 2.088220272 
-0.091604860 2.120052768 1.964057666 2.533937107 
0.000000000 0.321195828 0.725917498 1.096177602 
-0.043234407 0.523215577 0.881905300 1.501808713 
-3.018396017 -2.973745377 1.937942424 2.664167344 
3.091230878 -2.774876480 2.504942378 2.722006133 
1.548588014 1.901331573 2.300371030 2.671568105 
1.673351098 2.828524713 -3.090501824 -1.305987564 
1.572738589 2.894441673 3.127309790 1.664035353 
-3.064607903 -2.692070104 -2.282738449 -1.918328982 
-3.056129272 -2.681868484 -2.312659237 -1.938467534 
1.192907174 1.903408002 1.381110726 1.901806354 
1.486421144 -2.741824834 2.945705412 2.210083383 
-1.518000477 -1.171996456 -0.744765628 -0.444462228 
-1.492812746 -1.152155154 -0.782077075 -0.428685136 
2.296159990 2.694891283 2.896186580 -2.446769538 
2.894015305 3.012142457 -2.602170121 2.286843435 
-0.386817066 0.644254710 2.202692564 0.968554873 
-0.321195828 0.000000000 0.365273130 0.723357888 
1.573812774 0.353042630 0.583693491 2.067829579 
2.876661467 0.731942638 1.800503034 2.486850301 
1.211463563 1.632781934 1.955568280 2.338105823 
1.227005451 1.562317345 1.944781701 2.310778147 
2.789286609 2.721616624 -3.040111575 -2.352647864 
1.956040940 1.972412670 2.306542022 -2.495703135 
2.893455521 -3.021328647 -2.652452942 -2.278768977 
2.934012500 -2.999121815 -2.616674329 -2.254464741 
-2.331460763 -1.763612204 -1.969391141 -0.794700964 
-1.203263209 -2.587259954 2.826817096 -1.954512479 
-1.864446727 -1.506356749 -1.118305520 -0.771258860 
-1.800470529 -1.458227303 -1.110843364 -0.780701488 
2.632179930 1.892190800 1.668225473 1.783028030 
0.028571611 -1.075878110 0.638095889 0.187276033 
-0.741937300 0.212231165 2.442298226 0.761675928 
-0.725917498 -0.365273130 0.000000000 0.352601055 
2.890309856 1.224054747 -0.321030111 3.088385185 
1.557828430 2.277363805 2.217021381 2.129535976 
0.828907219 1.292094327 1.626940446 1.968160646 
0.841442483 1.204224260 1.585389053 1.949178271 
2.349568221 3.063314589 3.004531690 -2.701641113 
-2.588136497 2.122453529 1.236946520 -1.738577912 
2.504327199 2.892682356 -3.013383313 -2.648751177 
2.569456147 2.922277033 -2.987497633 -2.638053676 
2.960352933 2.793305219 -1.845804225 -0.984532138 
3.090328811 -2.975034313 2.630732655 -1.872800051 
-2.253864046 -1.871327371 -1.473078544 -1.149713821 
-2.196139906 -1.844380371 -1.470611336 -1.148215263 
-1.628352042 1.840549350 -0.040368989 0.882665108 
-1.529000175 -2.037547076 -1.732712449 0.569211382 
-1.064974096 1.623315736 3.131548679 0.683824026 
-1.096177602 -0.723357888 -0.352601055 0.000000000 
-1.647801155 -0.128044538 -0.215160275 0.392617325 
1.693025241 1.929421960 3.109492212 2.479485950 
0.222451454 1.215057095 1.346908689 1.638689443 
0.466237531 0.843702017 1.234391322 1.597604332 
0.614170969 2.752690693 -2.671969048 -2.463871056 
2.643174489 2.774263945 2.816276464 2.252377032 
2.154913110 2.539504098 2.927247902 -3.006300793 
2.207971002 2.570723036 2.932380628 -3.008870465 
-2.338597514 -1.009884117 -1.117768201 -0.070068218 
2.931226126 2.945151617 -2.660262371 -1.409870169 
-2.601829771 -2.210674900 -1.806519602 -1.503791865 
-2.556662526 -2.191109808 -1.826042038 -1.500003940 
0.843926652 0.662988612 1.034569507 2.023938184 
-1.388401214 -1.221726581 -1.136714361 -1.760962224 
-3.048114068 1.988747388 1.954398600 -2.428711274 
0.043234407 -1.573812774 -2.890309856 1.647801155 
0.000000000 0.315648113 0.687444499 1.050523957 
1.643462002 0.828708827 1.422753845 2.411152319 
-2.627023620 -2.244686270 -1.858546980 -0.253989109 
1.017660923 1.878260092 2.273301448 2.631393755 
1.502454552 1.863202490 2.268792037 2.649886460 
1.826372991 2.666193828 -3.025946917 -2.102905271 
-2.199969473 1.514541182 2.868730315 2.806816302 
-3.055302938 -2.689891035 -2.309936416 -1.961072422 
-3.040101348 -2.658003943 -2.296568977 -1.940611025 
3.052501695 2.779434132 -2.609439168 -2.945116817 
-2.035782261 0.797067357 2.789136718 1.459940113 
-1.509740487 -1.150522948 -0.782506257 -0.473596846 
-1.488035044 -1.129696993 -0.755577912 -0.430695240 
-2.944929306 -2.733083137 2.870245010 1.870172127 
-2.489737000 2.329879561 1.988897210 -3.014040242 
-0.523215577 -0.353042630 -1.224054747 0.128044538 
-0.315648113 0.000000000 0.360097299 0.699911652 
-0.067487844 0.777029074 0.430896431 0.810299320 
-2.154718493 -2.820203286 -2.393415119 2.602625247 
0.909420538 1.543735421 1.935856810 2.306969197 
1.189190138 1.536713111 1.933006159 2.298304446 
1.101422231 2.786946949 1.356567431 1.197728888 
2.616207088 2.964974159 -3.128606610 -2.999770687 
2.917958269 -3.014253715 -2.643645445 -2.280579530 
2.909342924 -3.014122260 -2.620117983 -2.254029419 
-0.428074960 -2.673648062 -2.645373294 2.226598164 
-2.483062556 1.574170816 3.000130539 2.015544496 
-1.814495489 -1.494858483 -1.128598554 -0.790445716 
-1.787761859 -1.444285795 -1.075410080 -0.756038819 
-2.234329769 -2.984771530 -3.048120265 1.919368325 
2.310376801 1.516113168 -2.260389479 -2.350996118 
-0.881905300 -0.583693491 0.321030111 0.215160275 
-0.687444499 -0.360097299 0.000000000 0.329686724 
-0.645784786 -0.638166161 -0.469019892 0.387119156 
-2.772711061 -2.002206301 -1.282391709 2.383667191 
0.702842831 1.215649946 1.593354712 1.961106815 
0.835699255 1.183314298 1.573292532 1.931669332 
0.637380177 -3.026109249 -1.421015112 0.925881008 
2.952892132 -0.037498365 1.961365303 2.744097082 
2.549303652 2.900948081 -3.014056040 -2.654674771 
2.565516392 2.906639939 -2.986921463 -2.637345414 
-2.052086949 -1.710802899 -2.820378753 1.211441251 
-2.880626832 2.463991936 2.714004480 -2.792185266 
-2.155163023 -1.845902753 -1.478485031 -1.149293157 
-2.165783377 -1.822157471 -1.451745019 -1.122334492 
-2.769265442 2.530994811 2.967799892 2.810162896 
-1.725335127 2.493735569 -2.600501696 -2.205983526 
-1.501808713 -2.067829579 -3.088385185 -0.392617325 
-1.050523957 -0.699911652 -0.329686724 0.000000000 
1.962147090 0.965555189 1.978351212 -0.487775722 
-1.768675958 -2.355720332 -0.984559338 0.005597512 
-0.036672750 0.912912896 1.273285850 1.628672104 
0.491685975 0.851412212 1.240264809 1.601838887 
0.433415291 1.021474752 0.829670150 -0.026673442 
-2.277832405 -0.951712804 -3.002589389 2.941808215 
2.204591667 2.569280452 2.924021278 -2.997216185 
2.256092603 2.573635737 2.969900492 -2.979655584 
2.346784493 3.090907456 2.785816109 0.391494788 
-1.669741341 -2.787314892 -2.179445935 -3.116440518 
-2.516868322 -2.189163129 -1.827836920 -1.503602765 
-2.508881039 -2.146871301 -1.779443171 -1.460169321 
-1.681901691 -2.199270643 2.168309196 2.712195249 
2.588884489 1.241020668 0.361803826 1.063131365 
3.018396017 -2.876661467 -1.557828430 -1.693025241 
-1.643462002 0.067487844 0.645784786 -1.962147090 
0.000000000 0.316644463 0.694362730 1.049212147 
2.233209935 -2.751500531 2.182346190 -2.122012669 
-1.898047538 -1.100682839 -0.591499369 0.484046116 
1.848799279 1.884184578 2.252822595 2.616821359 
1.481331325 1.828793482 2.220220891 2.615987261 
1.000192640 2.103979660 2.526980653 2.138611209 
1.186681257 1.615129389 2.410501728 2.194400944 
-3.054748394 -2.682920996 -2.278883387 -1.904936539 
-3.123154793 -2.670204330 -2.253524777 -1.855687525 
2.859796095 -2.158326111 2.149299483 -1.683612490 
2.749987283 2.801964107 -3.117281782 2.854984080 
-1.469671031 -1.130241719 -0.769597391 -0.442601806 
-1.483312398 -1.115382031 -0.730454385 -0.389118138 
-2.134234105 0.449598315 -0.487902045 0.952994432 
2.973745377 -0.731942638 -2.277363805 -1.929421960 
-0.828708827 -0.777029074 0.638166161 -0.965555189 
-0.316644463 0.000000000 0.359584504 0.699495070 
2.081640968 2.795102767 1.948416852 -1.565422262 
0.848907531 -0.528625414 1.983654910 -1.247627488 
1.514371987 1.610646205 1.941290051 2.285772578 
1.165821478 1.505051528 1.901525416 2.266818855 
2.823164256 2.606741468 3.084192196 -2.507602044 
0.937492457 2.377066969 -3.036700119 2.812012514 
2.906189316 -3.006093848 -2.612704114 -2.250898930 
2.856507479 -3.032891814 -2.576882135 -2.206543340 
2.544875361 -2.615276815 -1.785083601 -0.158375273 
3.021711064 3.118256695 -2.626038449 2.395303366 
-1.786034378 -1.453525652 -1.103431685 -0.807202089 
-1.767062187 -1.436746927 -1.069363181 -0.737546892 
2.613716590 -1.879094002 -1.085193667 1.389408003 
-1.937942424 -1.800503034 -2.217021381 -3.109492212 
-1.422753845 -0.430896431 0.469019892 -1.978351212 
-0.694362730 -0.359584504 0.000000000 0.330320116 
2.498472783 -0.564674651 1.912276888 2.381745940 
2.665088694 -0.700430749 -0.148295474 -2.054237001 
1.850290660 1.273426115 1.611652475 1.921787804 
0.812967772 1.160173878 1.551522336 1.907617343 
2.326368439 2.145609480 2.817524062 -3.105356541 
0.938313420 -2.636146446 2.761900480 3.021448838 
2.544400832 2.910225233 -2.978432909 -2.629504030 
2.519012847 2.938880064 -2.927272420 -2.566016055 
3.080867558 -2.945451826 -2.672304236 -1.643447926 
2.737399193 -2.693159806 -1.480926518 2.486625935 
-2.166060818 -1.820712661 -1.480770433 -1.167589851 
-2.119221145 -1.788080372 -1.438183433 -1.095877755 
1.059591479 -2.090716954 -1.915598553 1.386806206 
-2.664167344 -2.486850301 -2.129535976 -2.479485950 
-2.411152319 -0.810299320 -0.387119156 0.487775722 
-1.049212147 -0.699495070 -0.330320116 0.000000000 
2.062390013 -0.911675646 -0.343348611 1.288221846 
-1.673070408 -0.810820874 -0.137207321 -0.368942195 
0.638880752 0.874737510 1.253131379 1.590479793 
0.472038001 0.820960652 1.219521532 1.590244770 
1.598211814 1.564722123 1.760098289 2.682002445 
-0.190988115 2.425914399 2.266120996 -1.529853906 
2.212885808 2.578410173 2.977389899 -2.960756797 
2.179274446 2.620084182 3.015237966 -2.908730199 
2.396140858 2.579890949 2.914879138 -2.563020542 
2.496020927 2.525494942 2.796026654 2.612945181 
-2.517444547 -2.151771914 -1.804789617 -1.488858475 
-2.465132538 -2.120281532 -1.754683141 -1.439046510 
-1.542605453 -1.219143817 -0.846262453 -0.447006914 
-3.091230878 -1.211463563 -0.828907219 -0.222451454 
2.627023620 2.154718493 2.772711061 1.768675958 
-2.233209935 -2.081640968 -2.498472783 -2.062390013 
0.000000000 0.346098174 0.755461061 1.174461004 
-1.043044138 1.247239508 -2.869228185 -2.311519473 
2.646031122 -2.826234305 -3.114996078 3.107796827 
1.312038435 1.586303661 1.547579194 2.114295556 
1.702676409 2.007145143 2.408062717 2.789199537 
-2.957082988 1.932267953 -2.069667424 -3.127113324 
3.124324693 -2.759554162 3.113734562 -1.256717680 
2.577597625 2.804183150 -2.884534891 -2.567033878 
-3.074377756 -2.740881420 -2.311077995 -1.967479042 
2.171511744 2.268737678 1.986183201 1.850757637 
-3.134761379 -1.803237805 -1.978779423 2.933684592 
-2.542321557 -2.135810843 -0.908247936 -0.755147350 
-1.882564856 -1.568458054 -1.195942270 -0.818615212 
2.774876480 -1.632781934 -1.292094327 -1.215057095 
2.244686270 2.820203286 2.002206301 2.355720332 
2.751500531 -2.795102767 0.564674651 0.911675646 
-0.346098174 0.000000000 0.403069991 0.778183370 
-2.269564681 -0.281114711 -2.794117259 -2.119195319 
2.964552872 -2.780333450 2.606588396 -2.630518705 
0.404770023 1.234577390 1.584295983 0.873089281 
1.377416520 1.686140147 2.032801384 2.412244004 
2.397087270 2.326429184 3.100912614 0.738809440 
2.673004458 -3.016377393 -2.700426527 1.403565131 
2.202369459 -0.879478023 1.761267066 2.232640838 
2.842909726 -3.096449889 -2.683907082 -2.342454300 
2.587291599 -2.757683932 1.850399099 1.820799126 
2.252797389 2.774524227 1.649730068 1.710138971 
2.241094698 2.897401177 -3.083402559 -1.482723720 
-2.296912385 -1.963754291 -1.587778396 -1.224575682 
-2.504942378 -1.955568280 -1.626940446 -1.346908689 
1.858546980 2.393415119 1.282391709 0.984559338 
-2.182346190 -1.948416852 -1.912276888 0.343348611 
-0.755461061 -0.403069991 0.000000000 0.351682917 
-0.756316397 -0.389534559 -0.178947794 2.285585700 
2.747657948 -3.018028598 1.472067628 1.485684600 
-1.386496693 -3.087218291 2.547648111 0.499680053 
0.917468150 1.267135664 1.652011808 2.009340864 
2.392913705 -0.247964114 -2.396111107 0.166999365 
-2.474502239 1.970441280 2.759762576 -1.949177684 
-2.946408956 -2.011407483 -2.048573625 0.686432611 
2.449015126 2.791724579 -3.085751718 -2.757705438 
3.039510373 -2.948840589 1.634879517 2.008027575 
1.854691692 2.189125868 0.868228431 -2.599466245 
0.383739608 1.315378367 2.143595153 2.483623213 
-2.740039369 -2.352714949 -1.960152914 -1.589673316 
-2.722006133 -2.338105823 -1.968160646 -1.638689443 
0.253989109 -2.602625247 -2.383667191 -0.005597512 
2.122012669 1.565422262 -2.381745940 -1.288221846 
-1.174461004 -0.778183370 -0.351682917 0.000000000 
-1.158917191 -0.801126984 -0.441579721 -0.238512919 
0.381727274 -2.752034465 1.181669587 2.091622101 
-1.773792622 -2.331568572 1.850806791 1.419389129 
0.564344906 0.891597674 1.286992538 1.644975168 
1.857405352 1.739541751 2.318704023 -3.065108171 
-2.099132066 -1.920444600 -2.922198795 0.168621577 
2.390326008 -2.699520617 1.809105715 -2.504072010 
2.080085149 2.418027597 2.835481121 -3.115845748 
-3.009000778 3.033963670 -2.532080979 -2.763093494 
1.744677094 -1.955833293 -1.150922240 2.885869934 
2.085348203 -2.155958538 -1.185410026 -1.226421219 
-1.591946604 1.168147734 0.083454362 2.427303446 
-1.548588014 -1.227005451 -0.841442483 -0.466237531 
-1.017660923 -0.909420538 -0.702842831 0.036672750 
1.898047538 -0.848907531 -2.665088694 1.673070408 
1.043044138 2.269564681 0.756316397 1.158917191 
0.000000000 0.341678153 0.743293210 1.118177502 
1.709933543 2.018281176 2.795858484 3.048322711 
1.768801649 1.034216267 2.149342249 2.987664828 
1.666243144 2.037622453 2.420405823 2.812968496 
1.696841640 2.049931525 2.430985257 2.806455708 
-2.827239346 0.095231013 0.704203207 -1.251274363 
-2.757656426 -3.106181209 -1.828258809 0.078854902 
-3.074758639 -2.723561109 -2.308873289 -1.963142502 
-3.054277049 -2.701182997 -2.328600419 -1.982129501 
-2.437238168 1.641144832 1.412671783 -0.885759475 
3.027949294 -1.948263555 2.221510826 1.743922026 
-2.027162755 1.866507065 -2.151264867 -1.046468572 
-1.901331573 -1.562317345 -1.204224260 -0.843702017 
-1.878260092 -1.543735421 -1.215649946 -0.912912896 
1.100682839 0.528625414 0.700430749 0.810820874 
-1.247239508 0.281114711 0.389534559 0.801126984 
-0.341678153 0.000000000 0.376547866 0.741896354 
-0.383821071 0.048835132 -2.868194708 2.339543759 
2.667326909 1.518692607 1.432588118 2.377456565 
1.329340177 1.697512952 2.076575451 2.441376649 
1.359248803 1.704999744 2.077017112 2.445042671 
1.936291072 2.495192660 2.783175673 -2.281614892 
2.942405634 2.163152161 0.999347486 2.082553509 
2.853602661 -3.066117708 -2.671737091 -2.323060046 
2.909772876 -3.039237913 -2.682030242 -2.354963957 
-2.872569709 -0.382704867 -0.885381133 -1.164810326 
2.269011059 -2.813070367 -2.245908654 -1.865490354 
-2.776239248 1.056295798 2.130605057 -2.744469773 
-2.300371030 -1.944781701 -1.585389053 -1.234391322 
-2.273301448 -1.935856810 -1.593354712 -1.273285850 
0.591499369 -1.983654910 0.148295474 0.137207321 
2.869228185 2.794117259 0.178947794 0.441579721 
-0.743293210 -0.376547866 0.000000000 0.355277217 
-0.753628426 -0.414724888 0.006097223 2.170733742 
1.955197270 1.813710230 1.637163456 2.284946045 
0.942420258 1.319468566 1.716830634 2.064966855 
0.975355423 1.327203044 1.699877451 2.049270863 
1.438460514 1.226899213 2.390679362 -2.965984875 
2.541770819 -1.775633906 1.359783142 3.072764598 
2.452735316 2.857532741 -3.037657131 -2.725406867 
2.516468676 2.869129242 -3.064404423 -2.742079866 
2.984924617 1.175600103 -1.880890037 -1.711156839 
-2.730399172 -2.981611891 -2.210813818 -2.579656580 
0.270278604 0.240785057 1.750117016 2.893260268 
-2.671568105 -2.310778147 -1.949178271 -1.597604332 
-2.631393755 -2.306969197 -1.961106815 -1.628672104 
-0.484046116 1.247627488 2.054237001 0.368942195 
2.311519473 2.119195319 -2.285585700 0.238512919 
-1.118177502 -0.741896354 -0.355277217 0.000000000 
-1.136350597 -0.776501103 -0.413018916 0.023684479 
2.081787981 1.865802262 1.177338156 1.664101475 
0.573483814 0.970296666 1.360316725 1.696542006 
0.600641859 0.974594952 1.343960178 1.687964544 
2.029812121 1.335762420 2.225435868 -1.982851928 
2.366963247 2.683051141 2.290740900 0.764137966 
2.095161370 2.501173356 2.887595284 -3.052115021 
2.143206702 2.513670384 2.870512442 -3.100512989 
2.835291508 -1.590859741 -2.361573197 0.159927598 
-2.974566407 -3.136183693 2.848196178 3.030605199 
1.874842612 0.073718286 2.452102905 2.848364936 
-1.673351098 -2.789286609 -2.349568221 -0.614170969 
-1.502454552 -1.189190138 -0.835699255 -0.491685975 
-1.848799279 -1.514371987 -1.850290660 -0.638880752 
-2.646031122 -2.964552872 -2.747657948 -0.381727274 
-1.709933543 0.383821071 0.753628426 1.136350597 
0.000000000 0.343160307 0.737490921 1.118563090 
-0.406682209 -2.653543449 -1.766823914 0.012387675 
1.519378208 1.672200074 2.021735736 2.411884879 
1.710652322 2.089118467 2.445905157 2.817514366 
1.725146714 2.088759486 2.476119534 2.834558044 
-2.518392380 1.063668664 2.301222817 2.593277976 
-2.964116743 2.387381163 2.680052756 -2.327681181 
-3.004830927 -2.668964049 -2.306210865 -1.965388368 
-2.987066633 -2.647662888 -2.278594178 -1.932084277 
2.304319829 1.789567484 1.770410894 1.694716271 
-2.502045198 1.207207848 1.603129500 1.464285662 
-2.828524713 -2.721616624 -3.063314589 -2.752690693 
-1.863202490 -1.536713111 -1.183314298 -0.851412212 
-1.884184578 -1.610646205 -1.273426115 -0.874737510 
2.826234305 2.780333450 3.018028598 2.752034465 
-2.018281176 -0.048835132 0.414724888 0.776501103 
-0.343160307 0.000000000 0.378233181 0.748717912 
-0.460169596 -0.206570743 -1.989121388 3.134439145 
0.886098930 0.905198082 1.572314477 1.887315994 
1.374570689 1.729070604 2.077638239 2.449918192 
1.368197901 1.724022155 2.114286856 2.473234230 
-2.591389493 1.899631884 3.129540143 -2.236309956 
1.793548799 1.679770994 2.327925729 -3.127358728 
2.927850497 -3.030449931 -2.694290244 -2.343822394 
2.951086715 -2.996740596 -2.637111007 -2.303328365 
-2.791559517 0.995515869 2.814718362 3.066747752 
0.830894291 1.711733879 3.060464801 1.745456477 
3.090501824 3.040111575 -3.004531690 2.671969048 
-2.268792037 -1.933006159 -1.573292532 -1.240264809 
-2.252822595 -1.941290051 -1.611652475 -1.253131379 
3.114996078 -2.606588396 -1.472067628 -1.181669587 
-2.795858484 2.868194708 -0.006097223 0.413018916 
-0.737490921 -0.378233181 0.000000000 0.352600650 
-0.788813428 -0.462764328 -0.244549492 -1.442343202 
0.820148841 0.735001079 1.212548317 1.526040306 
0.979018796 1.349587756 1.701365815 2.061808001 
0.989150979 1.349039581 1.733088823 2.085029918 
1.900428633 2.737833921 -2.757247606 -2.512669231 
1.498461961 1.793655999 2.820412773 2.580234717 
2.540725643 2.880346505 -3.054783126 -2.711991716 
2.561367896 2.902453847 -3.016934195 -2.690467584 
-2.598558819 0.235128828 2.375878956 -2.888437216 
1.786653767 2.885860464 1.649342094 1.696962409 
1.305987564 2.352647864 2.701641113 2.463871056 
-2.649886460 -2.298304446 -1.931669332 -1.601838887 
-2.616821359 -2.285772578 -1.921787804 -1.590479793 
-3.107796827 2.630518705 -1.485684600 -2.091622101 
-3.048322711 -2.339543759 -2.170733742 -0.023684479 
-1.118563090 -0.748717912 -0.352600650 0.000000000 
-1.141347562 -0.801183747 -0.477523497 -0.784387270 
-0.073023152 -0.068833502 0.715891464 1.284702646 
0.601454263 0.983426899 1.335615910 1.699644375 
0.638532070 1.012064207 1.387032947 1.737902084 
1.377149362 1.979903386 -1.606432276 -1.877460770 
0.699794988 0.931300260 1.270080232 2.286459382 
2.156629471 2.476183625 2.781789838 -3.124868975 
2.219031566 2.563235435 2.912257686 -3.057053690 
-3.013637371 2.723929233 1.574447218 -3.080716298 
2.190345368 -0.067453228 1.452265071 -1.853754549 
-1.572738589 -1.956040940 2.588136497 -2.643174489 
-1.826372991 -1.101422231 -0.637380177 -0.433415291 
-1.481331325 -1.165821478 -0.812967772 -0.472038001 
-1.312038435 -0.404770023 1.386496693 1.773792622 
-1.768801649 -2.667326909 -1.955197270 -2.081787981 
0.406682209 0.460169596 0.788813428 1.141347562 
0.000000000 0.340399464 0.728321480 1.098498549 
2.695979259 1.023803000 1.591689653 2.164375844 
3.021859785 2.619311912 2.564548168 0.987674004 
1.738162830 2.115708421 2.505726646 2.868638527 
1.655707189 2.085096803 2.526188095 2.911724582 
1.648192261 2.421002648 2.174079890 -3.003061704 
1.651961354 -2.493357856 1.739649766 1.886823453 
-2.946687631 -2.623400745 -2.267199586 -1.962602891 
-2.962245434 -2.607908028 -2.235900659 -1.907689076 
2.850476445 2.863138289 -3.114358053 2.359736786 
-2.894441673 -1.972412670 -2.122453529 -2.774263945 
-2.666193828 -2.786946949 3.026109249 -1.021474752 
-1.828793482 -1.505051528 -1.160173878 -0.820960652 
-1.586303661 -1.234577390 3.087218291 2.331568572 
-1.034216267 -1.518692607 -1.813710230 -1.865802262 
2.653543449 0.206570743 0.462764328 0.801183747 
-0.340399464 0.000000000 0.374409520 0.741636923 
1.686092678 0.316285011 2.114791017 2.074879791 
1.837584474 2.220918012 2.342095085 1.194637327 
1.389000686 1.767224002 2.151096569 2.521938519 
1.351007260 1.742074416 2.171423342 2.552596712 
3.013820641 2.217009015 -3.049515838 -2.976783534 
3.113925841 -2.607823724 2.380216013 1.504902026 
3.000390376 -2.953089409 -2.610401403 -2.327790500 
3.000695950 -2.955651297 -2.587382106 -2.260340094 
2.951095218 -2.189001176 -0.286055350 -2.630563900 
-3.127309790 -2.306542022 -1.236946520 -2.816276464 
3.025946917 -1.356567431 1.421015112 -0.829670150 
-2.220220891 -1.901525416 -1.551522336 -1.219521532 
-1.547579194 -1.584295983 -2.547648111 -1.850806791 
-2.149342249 -1.432588118 -1.637163456 -1.177338156 
1.766823914 1.989121388 0.244549492 0.477523497 
-0.728321480 -0.374409520 0.000000000 0.351300003 
2.693995321 -2.018196533 -2.101261245 2.099843216 
2.260772924 1.888726170 0.729269622 0.991233603 
1.008547766 1.374307453 1.758541504 2.119401373 
1.005031610 1.390181754 1.802075171 2.164273014 
-2.035948312 -0.132899253 0.063166044 -0.947150064 
-2.624521245 -2.317762041 3.076775040 0.580175536 
2.583714354 2.948851471 -3.017692369 -2.704163183 
2.605317656 2.952591081 -2.974817370 -2.655819611 
2.614033389 -2.391569724 -2.186075896 -1.886892890 
-1.664035353 2.495703135 1.738577912 -2.252377032 
2.102905271 -1.197728888 -0.925881008 0.026673442 
-2.615987261 -2.266818855 -1.907617343 -1.590244770 
-2.114295556 -0.873089281 -0.499680053 -1.419389129 
-2.987664828 -2.377456565 -2.284946045 -1.664101475 
-0.012387675 -3.134439145 1.442343202 0.784387270 
-1.098498549 -0.741636923 -0.351300003 0.000000000 
2.664538794 -1.983432821 -1.736906294 2.027798772 
-1.863517116 -1.195394916 -0.164157130 2.611272769 
0.634431071 1.014772707 1.402792778 1.751447859 
0.643995685 1.035711279 1.457854965 1.806780330 
-1.767250353 -0.967760297 1.338986276 2.445658472 
2.757354331 -2.469221115 -1.465581187 1.850787658 
2.215418649 2.544251194 2.826623535 2.945758119 
2.260651227 2.596750340 2.967176714 -3.022976633 
3.040808967 -2.969460910 -2.588346466 -2.135290435 
3.064607903 -2.893455521 -2.504327199 -2.154913110 
2.199969473 -2.616207088 -2.952892132 2.277832405 
-1.000192640 -2.823164256 -2.326368439 -1.598211814 
-1.702676409 -1.377416520 -0.917468150 -0.564344906 
-1.666243144 -1.329340177 -0.942420258 -0.573483814 
-1.519378208 -0.886098930 -0.820148841 0.073023152 
-2.695979259 -1.686092678 -2.693995321 -2.664538794 
0.000000000 0.360600251 0.760903323 1.121719451 
0.082711615 0.425712301 0.735604793 1.077922109 
0.058426889 1.530839525 0.784012377 3.102392608 
0.350490774 -0.287907762 -2.010719583 -1.933805868 
1.536593114 1.897777379 2.278211476 2.611944221 
1.583429383 1.914633409 2.272661082 2.580899121 
2.653205969 -1.869903389 -2.192942944 -2.599108170 
-2.987274620 2.648283990 -1.872982475 -2.104638789 
2.707228899 3.032982588 -2.860724623 -2.464474547 
2.692070104 3.021328647 -2.892682356 -2.539504098 
-1.514541182 -2.964974159 0.037498365 0.951712804 
-2.103979660 -2.606741468 -2.145609480 -1.564722123 
-2.007145143 -1.686140147 -1.267135664 -0.891597674 
-2.037622453 -1.697512952 -1.319468566 -0.970296666 
-1.672200074 -0.905198082 -0.735001079 0.068833502 
-1.023803000 -0.316285011 2.018196533 1.983432821 
-0.360600251 0.000000000 0.384739835 0.738557144 
1.599603365 -0.229027703 0.378252356 0.640738362 
1.417032680 2.331270434 1.455316433 2.760800223 
-0.217160783 2.912781581 2.930035247 2.951385965 
1.187512576 1.537471284 1.914815566 2.265634690 
1.292608880 1.573029754 1.908301650 2.246312108 
2.321700195 -1.754829865 -2.152708465 -2.473852815 
-0.476928396 -2.069030314 -1.558020424 -2.442844555 
2.316433539 2.679349964 3.045182915 -2.865352871 
2.282738449 2.652452942 3.013383313 -2.927247902 
-2.868730315 3.128606610 -1.961365303 3.002589389 
-2.526980653 -3.084192196 -2.817524062 -1.760098289 
-2.408062717 -2.032801384 -1.652011808 -1.286992538 
-2.420405823 -2.076575451 -1.716830634 -1.360316725 
-2.021735736 -1.572314477 -1.212548317 -0.715891464 
-1.591689653 -2.114791017 2.101261245 1.736906294 
-0.760903323 -0.384739835 0.000000000 0.336213329 
0.520137771 0.798337629 0.456529779 0.370719386 
-1.766011775 -2.896426386 2.735198187 2.340206209 
-0.918028134 -2.940613445 -2.935443896 2.532218762 
0.778776178 1.150791377 1.534269738 1.869975834 
0.869937397 1.214814501 1.531357411 1.865111186 
3.136047842 -1.965958620 -2.719894123 -3.022674535 
2.499945714 -2.542351542 -1.760688823 -2.780723295 
1.925278600 2.300902059 2.701891794 3.096877247 
1.918328982 2.278768977 2.648751177 3.006300793 
-2.806816302 2.999770687 -2.744097082 -2.941808215 
-2.138611209 2.507602044 3.105356541 -2.682002445 
-2.789199537 -2.412244004 -2.009340864 -1.644975168 
-2.812968496 -2.441376649 -2.064966855 -1.696542006 
-2.411884879 -1.887315994 -1.526040306 -1.284702646 
-2.164375844 -2.074879791 -2.099843216 -2.027798772 
-1.121719451 -0.738557144 -0.336213329 0.000000000 
-0.117829458 -0.603740226 -0.251091577 -0.195346154 
0.622024990 -2.439486380 -2.022612046 2.201317303 
0.875423297 -1.828951048 -1.466821419 2.690907306 
0.416126679 0.804109329 1.195251127 1.517238082 
0.480645615 0.836536328 1.186742181 1.478690712 
2.563782104 -2.805883989 3.036044870 2.881038606 
-1.051576170 -0.742311532 1.005406163 2.947560515 
1.245374407 -0.003879937 2.921967599 2.965946289 
3.056129272 -2.934012500 -2.569456147 -2.207971002 
3.055302938 -2.917958269 -2.549303652 -2.204591667 
-1.186681257 -0.937492457 -0.938313420 0.190988115 
2.957082988 -2.397087270 -2.392913705 -1.857405352 
-1.696841640 -1.359248803 -0.975355423 -0.600641859 
-1.710652322 -1.374570689 -0.979018796 -0.601454263 
-3.021859785 -1.837584474 -2.260772924 1.863517116 
-0.082711615 -1.599603365 -0.520137771 0.117829458 
0.000000000 0.350830162 0.741127579 1.104764321 
1.455863016 0.852612673 0.821544158 1.156113537 
2.831332720 2.209274059 2.361631469 -2.226344765 
-3.085695634 -2.724364199 0.717034706 2.679595150 
1.560352028 1.891961469 2.262380973 2.590431332 
1.594401209 1.925669469 2.286439881 2.614820900 
-2.810413631 -2.254187028 -1.957890585 -1.446818260 
-2.003115302 -1.256112184 2.814570367 -2.985468442 
2.681868484 2.999121815 -2.922277033 -2.570723036 
2.689891035 3.014253715 -2.900948081 -2.569280452 
-1.615129389 -2.377066969 2.636146446 -2.425914399 
-1.932267953 -2.326429184 0.247964114 -1.739541751 
-2.049931525 -1.704999744 -1.327203044 -0.974594952 
-2.089118467 -1.729070604 -1.349587756 -0.983426899 
-2.619311912 -2.220918012 -1.888726170 1.195394916 
-0.425712301 0.229027703 -0.798337629 0.603740226 
-0.350830162 0.000000000 0.376714414 0.738330549 
1.478943062 0.160360367 0.430171401 0.793980516 
2.660471168 2.912452268 -2.466157976 -1.520077793 
2.616557901 2.974519914 0.642412300 -2.783281826 
1.197665003 1.536491796 1.899712065 2.221776394 
1.204936850 1.571344621 1.945206929 2.256339280 
-2.293650768 -2.423701545 -1.815003685 -1.863919399 
-1.766554552 -0.607761481 2.595735908 3.003421612 
2.312659237 2.616674329 2.987497633 -2.932380628 
2.309936416 2.643645445 3.014056040 -2.924021278 
-2.410501728 3.036700119 -2.761900480 -2.266120996 
2.069667424 -3.100912614 2.396111107 -2.318704023 
-2.430985257 -2.077017112 -1.699877451 -1.343960178 
-2.445905157 -2.077638239 -1.701365815 -1.335615910 
-2.564548168 -2.342095085 -0.729269622 0.164157130 
-0.735604793 -0.378252356 -0.456529779 0.251091577 
-0.741127579 -0.376714414 0.000000000 0.350470547 
1.669505547 -0.577302882 0.361232110 0.504528952 
0.956461744 -1.942780004 1.725459613 2.241404182 
2.251150485 2.677053149 0.340965434 1.808476582 
0.808622436 1.158708313 1.522117230 1.851415788 
0.863265997 1.206714746 1.560505317 1.898988310 
2.712224523 -3.066787733 -1.964781261 -2.048417962 
-2.388135438 -2.750644404 -3.112717620 2.273396188 
1.938467534 2.254464741 2.638053676 3.008870465 
1.961072422 2.280579530 2.654674771 2.997216185 
-2.194400944 -2.812012514 -3.021448838 1.529853906 
3.127113324 -0.738809440 -0.166999365 3.065108171 
-2.806455708 -2.445042671 -2.049270863 -1.687964544 
-2.817514366 -2.449918192 -2.061808001 -1.699644375 
-0.987674004 -1.194637327 -0.991233603 -2.611272769 
-1.077922109 -0.640738362 -0.370719386 0.195346154 
-1.104764321 -0.738330549 -0.350470547 0.000000000 
1.704431913 -1.882595630 -1.941530625 0.018789258 
1.458868526 -3.011680133 -3.078649142 -2.567669278 
1.591895799 1.986858935 2.519144894 -2.344194371 
0.453543466 0.800826679 1.172362686 1.499146696 
0.556702433 0.863193448 1.212993559 1.538809890 
2.433797180 1.529104056 -1.926171761 -2.162851139 
2.104340223 2.792837477 -1.725879861 -0.322436373 
-1.192907174 2.331460763 -2.960352933 2.338597514 
3.040101348 -2.909342924 -2.565516392 -2.256092603 
3.054748394 -2.906189316 -2.544400832 -2.212885808 
-3.124324693 -2.673004458 2.474502239 2.099132066 
2.827239346 -1.936291072 -1.438460514 -2.029812121 
-1.725146714 -1.368197901 -0.989150979 -0.638532070 
-1.738162830 -1.389000686 -1.008547766 -0.634431071 
-0.058426889 -1.417032680 1.766011775 -0.622024990 
-1.455863016 -1.478943062 -1.669505547 -1.704431913 
0.000000000 0.366009491 0.750764636 1.113430339 
-0.189632029 1.756104884 0.889087962 1.205657917 
-0.786003831 -2.152690607 -2.696457424 -2.214739270 
-2.914269945 2.966805989 -0.967057800 -0.628443422 
1.583317944 1.919151023 2.269623798 2.587223016 
1.602437175 1.930524925 2.307583661 2.625720035 
2.459353685 2.067392077 -2.436396470 -0.512467418 
-1.903408002 1.763612204 -2.793305219 1.009884117 
2.658003943 3.014122260 -2.906639939 -2.573635737 
2.682920996 3.006093848 -2.910225233 -2.578410173 
2.759554162 3.016377393 -1.970441280 1.920444600 
-0.095231013 -2.495192660 -1.226899213 -1.335762420 
-2.088759486 -1.724022155 -1.349039581 -1.012064207 
-2.115708421 -1.767224002 -1.374307453 -1.014772707 
-1.530839525 -2.331270434 2.896426386 2.439486380 
-0.852612673 -0.160360367 0.577302882 1.882595630 
-0.366009491 0.000000000 0.382898980 0.740650443 
-0.461194622 0.678922482 0.497558227 0.830753981 
-1.702104004 -1.884555167 -1.599724428 2.671360157 
3.071737873 2.493551581 -2.383789257 -2.053942967 
1.200360540 1.552512259 1.903870136 2.224500707 
1.272817019 1.586540629 1.954075491 2.272197228 
0.953476950 1.654941817 2.075043533 1.943544727 
-1.381110726 1.969391141 1.845804225 1.117768201 
2.296568977 2.620117983 2.986921463 -2.969900492 
2.278883387 2.612704114 2.978432909 -2.977389899 
-3.113734562 2.700426527 -2.759762576 2.922198795 
-0.704203207 -2.783175673 -2.390679362 -2.225435868 
-2.476119534 -2.114286856 -1.733088823 -1.387032947 
-2.505726646 -2.151096569 -1.758541504 -1.402792778 
-0.784012377 -1.455316433 -2.735198187 2.022612046 
-0.821544158 -0.430171401 -0.361232110 1.941530625 
-0.750764636 -0.382898980 0.000000000 0.343748886 
-0.804540189 2.105718852 0.165516036 0.449752246 
-1.522574126 1.419106971 2.214517881 1.680988614 
-2.503528778 -1.944508376 -1.698346176 -0.670968100 
0.814551221 1.161679420 1.515763876 1.833190239 
0.877784925 1.189323596 1.546434853 1.871469148 
-1.828434010 2.321407660 -2.707178455 2.396215072 
-1.901806354 0.794700964 0.984532138 0.070068218 
1.940611025 2.254029419 2.637345414 2.979655584 
1.904936539 2.250898930 2.629504030 2.960756797 
1.256717680 -1.403565131 1.949177684 -0.168621577 
1.251274363 2.281614892 2.965984875 1.982851928 
-2.834558044 -2.473234230 -2.085029918 -1.737902084 
-2.868638527 -2.521938519 -2.119401373 -1.751447859 
-3.102392608 -2.760800223 -2.340206209 -2.201317303 
-1.156113537 -0.793980516 -0.504528952 -0.018789258 
-1.113430339 -0.740650443 -0.343748886 0.000000000 
-1.530381283 2.015301563 2.380110810 0.198223652 
-2.439138767 -1.188240976 -1.274167162 -0.733548270 
-2.351706890 -1.461216242 -0.828674655 -1.183043902 
0.453398216 0.807558723 1.173896605 1.488476469 
0.645565237 0.853229054 1.237940647 1.527730585 
2.056178624 -2.404623079 0.710301821 0.036306855 
-1.486421144 1.203263209 -3.090328811 -2.931226126 
-3.052501695 0.428074960 2.052086949 -2.346784493 
3.123154793 -2.856507479 -2.519012847 -2.179274446 
-2.577597625 -2.202369459 2.946408956 -2.390326008 
2.757656426 -2.942405634 -2.541770819 -2.366963247 
2.518392380 2.591389493 -1.900428633 -1.377149362 
-1.655707189 -1.351007260 -1.005031610 -0.643995685 
-0.350490774 0.217160783 0.918028134 -0.875423297 
-2.831332720 -2.660471168 -0.956461744 -1.458868526 
0.189632029 0.461194622 0.804540189 1.530381283 
0.000000000 0.377093095 0.797741592 1.197016354 
1.849917342 -2.361366354 -1.543895963 -2.615483363 
-1.935543083 -0.920446261 -1.912663589 1.352251875 
2.402655268 2.341727168 1.339894981 -2.889783786 
1.627204103 1.951564828 2.319422665 2.685022118 
2.673680543 -1.246447274 0.945978814 0.333578961 
2.741824834 2.587259954 2.975034313 -2.945151617 
-2.779434132 2.673648062 1.710802899 -3.090907456 
2.670204330 3.032891814 -2.938880064 -2.620084182 
-2.804183150 0.879478023 2.011407483 2.699520617 
3.106181209 -2.163152161 1.775633906 -2.683051141 
-1.063668664 -1.899631884 -2.737833921 -1.979903386 
-2.085096803 -1.742074416 -1.390181754 -1.035711279 
0.287907762 -2.912781581 2.940613445 1.828951048 
-2.209274059 -2.912452268 1.942780004 3.011680133 
-1.756104884 -0.678922482 -2.105718852 -2.015301563 
-0.377093095 0.000000000 0.397663843 0.772138417 
2.520979958 -2.599072540 -2.357538455 2.632919429 
-3.134540138 -0.590803201 -2.626719608 -2.952673549 
1.936930408 2.230878817 -0.923912638 -2.461192003 
1.233331897 1.571122052 1.916386245 2.302285637 
2.249304949 -2.734082097 1.111698064 -0.707487428 
-2.945705412 -2.826817096 -2.630732655 2.660262371 
2.609439168 2.645373294 2.820378753 -2.785816109 
2.253524777 2.576882135 2.927272420 -3.015237966 
2.884534891 -1.761267066 2.048573625 -1.809105715 
1.828258809 -0.999347486 -1.359783142 -2.290740900 
-2.301222817 -3.129540143 2.757247606 1.606432276 
-2.526188095 -2.171423342 -1.802075171 -1.457854965 
2.010719583 -2.930035247 2.935443896 1.466821419 
-2.361631469 2.466157976 -1.725459613 3.078649142 
-0.889087962 -0.497558227 -0.165516036 -2.380110810 
-0.797741592 -0.397663843 0.000000000 0.347561566 
1.880554013 3.050929773 2.751657488 -3.096866023 
-1.718277276 -0.036716917 2.889763477 2.335096929 
1.869036449 -1.728371975 -0.974240124 2.930608513 
0.820266624 1.150099641 1.501838531 1.863134780 
1.908265213 3.052804283 2.770770260 -1.359031082 
-2.210083383 1.954512479 1.872800051 1.409870169 
2.945116817 -2.226598164 -1.211441251 -0.391494788 
1.855687525 2.206543340 2.566016055 2.908730199 
2.567033878 -2.232640838 -0.686432611 2.504072010 
-0.078854902 -2.082553509 -3.072764598 -0.764137966 
-2.593277976 2.236309956 2.512669231 1.877460770 
-2.911724582 -2.552596712 -2.164273014 -1.806780330 
1.933805868 -2.951385965 -2.532218762 -2.690907306 
2.226344765 1.520077793 -2.241404182 2.567669278 
-1.205657917 -0.830753981 -0.449752246 -0.198223652 
-1.197016354 -0.772138417 -0.347561566 0.000000000 
1.969843779 1.356637226 0.386247873 3.113754093 
-2.691881050 -2.712373948 3.050549722 -2.721186355 
-1.203387170 -1.136550230 -0.983384245 -2.291146031 
0.454740226 0.783256201 1.152558221 1.463485350 
1.523325576 1.844581843 2.190163543 2.661136794 
1.518000477 1.864446727 2.253864046 2.601829771 
2.035782261 2.483062556 2.880626832 1.669741341 
-2.859796095 -2.544875361 -3.080867558 -2.396140858 
3.074377756 -2.842909726 -2.449015126 -2.080085149 
3.074758639 -2.853602661 -2.452735316 -2.095161370 
2.964116743 -1.793548799 -1.498461961 -0.699794988 
-1.648192261 -3.013820641 2.035948312 1.767250353 
-1.536593114 -1.187512576 -0.778776178 -0.416126679 
3.085695634 -2.616557901 -2.251150485 -1.591895799 
0.786003831 1.702104004 1.522574126 2.439138767 
-1.849917342 -2.520979958 -1.880554013 -1.969843779 
0.000000000 0.338106727 0.736945091 1.087228802 
-0.102717360 0.352687742 0.730000130 1.060968823 
2.145564283 3.104977521 -3.070681078 -2.417635192 
1.860648258 0.024886355 2.638335693 2.593820041 
1.177707295 1.511619118 1.880296859 2.284254284 
1.171996456 1.506356749 1.871327371 2.210674900 
-0.797067357 -1.574170816 -2.463991936 2.787314892 
2.158326111 2.615276815 2.945451826 -2.579890949 
2.740881420 3.096449889 -2.791724579 -2.418027597 
2.723561109 3.066117708 -2.857532741 -2.501173356 
-2.387381163 -1.679770994 -1.793655999 -0.931300260 
-2.421002648 -2.217009015 0.132899253 0.967760297 
-1.897777379 -1.537471284 -1.150791377 -0.804109329 
2.724364199 -2.974519914 -2.677053149 -1.986858935 
2.152690607 1.884555167 -1.419106971 1.188240976 
2.361366354 2.599072540 -3.050929773 -1.356637226 
-0.338106727 0.000000000 0.379598126 0.725923859 
-2.998689150 0.220931698 0.387874368 0.751018444 
1.154048232 1.989494271 -3.067188905 2.923573850 
1.726654997 -3.003339252 3.008953519 2.637299874 
0.748650541 1.102276686 1.471124768 1.855472335 
0.744765628 1.118305520 1.473078544 1.806519602 
-2.789136718 -3.000130539 -2.714004480 2.179445935 
-2.149299483 1.785083601 2.672304236 -2.914879138 
2.311077995 2.683907082 3.085751718 -2.835481121 
2.308873289 2.671737091 3.037657131 -2.887595284 
-2.680052756 -2.327925729 -2.820412773 -1.270080232 
-2.174079890 3.049515838 -0.063166044 -1.338986276 
-2.278211476 -1.914815566 -1.534269738 -1.195251127 
-0.717034706 -0.642412300 -0.340965434 -2.519144894 
2.696457424 1.599724428 -2.214517881 1.274167162 
1.543895963 2.357538455 -2.751657488 -0.386247873 
-0.736945091 -0.379598126 0.000000000 0.316658454 
2.709516897 0.404815961 0.178752285 0.522233959 
2.067434898 3.097024319 2.104919327 2.593937809 
1.242097876 1.083879893 2.582568821 1.986571865 
0.398825282 0.761588405 1.174843001 1.540491690 
0.444462228 0.771258860 1.149713821 1.503791865 
-1.459940113 -2.015544496 2.792185266 3.116440518 
1.683612490 0.158375273 1.643447926 2.563020542 
1.967479042 2.342454300 2.757705438 3.115845748 
1.963142502 2.323060046 2.725406867 3.052115021 
2.327681181 3.127358728 -2.580234717 -2.286459382 
3.003061704 2.976783534 0.947150064 -2.445658472 
-2.611944221 -2.265634690 -1.869975834 -1.517238082 
-2.679595150 2.783281826 -1.808476582 2.344194371 
2.214739270 -2.671360157 -1.680988614 0.733548270 
2.615483363 -2.632919429 3.096866023 -3.113754093 
-1.087228802 -0.725923859 -0.316658454 0.000000000 
1.529562821 -1.410112025 -0.404216889 0.281776826 
-0.738582409 1.940422139 1.989451210 3.028496056 
-3.129004067 -0.384406885 -0.330735776 0.083894441 
-2.746920274 2.040223275 1.908011105 2.723183700 
1.492812746 1.800470529 2.196139906 2.556662526 
1.509740487 1.814495489 2.155163023 2.516868322 
-2.749987283 -3.021711064 -2.737399193 -2.496020927 
-2.171511744 -2.587291599 -3.039510373 3.009000778 
3.054277049 -2.909772876 -2.516468676 -2.143206702 
3.004830927 -2.927850497 -2.540725643 -2.156629471 
-1.651961354 -3.113925841 2.624521245 -2.757354331 
-1.583429383 -1.292608880 -0.869937397 -0.480645615 
-1.560352028 -1.197665003 -0.808622436 -0.453543466 
2.914269945 -3.071737873 2.503528778 2.351706890 
1.935543083 3.134540138 1.718277276 2.691881050 
0.102717360 2.998689150 -2.709516897 -1.529562821 
0.000000000 0.331147035 0.699565947 1.030300862 
-1.602675765 0.363102325 0.773970792 1.088391952 
2.540569974 2.816409847 -2.960870185 3.039817662 
2.994255613 -2.707836986 1.957007173 2.025998716 
1.152155154 1.458227303 1.844380371 2.191109808 
1.150522948 1.494858483 1.845902753 2.189163129 
-2.801964107 -3.118256695 2.693159806 -2.525494942 
-2.268737678 2.757683932 2.948840589 -3.033963670 
2.701182997 3.039237913 -2.869129242 -2.513670384 
2.668964049 3.030449931 -2.880346505 -2.476183625 
2.493357856 2.607823724 2.317762041 2.469221115 
-1.914633409 -1.573029754 -1.214814501 -0.836536328 
-1.891961469 -1.536491796 -1.158708313 -0.800826679 
-2.966805989 -2.493551581 1.944508376 1.461216242 
0.920446261 0.590803201 0.036716917 2.712373948 
-0.352687742 -0.220931698 -0.404815961 1.410112025 
-0.331147035 0.000000000 0.350782891 0.680024212 
2.505396578 0.216742940 0.495661096 0.775692938 
3.077650671 2.120818749 2.854516992 2.818962292 
-3.074257281 2.892318507 2.317567908 2.298737512 
0.782077075 1.110843364 1.470611336 1.826042038 
0.782506257 1.128598554 1.478485031 1.827836920 
3.117281782 2.626038449 1.480926518 -2.796026654 
-1.986183201 -1.850399099 -1.634879517 2.532080979 
2.328600419 2.682030242 3.064404423 -2.870512442 
2.306210865 2.694290244 3.054783126 -2.781789838 
-1.739649766 -2.380216013 -3.076775040 1.465581187 
-2.272661082 -1.908301650 -1.531357411 -1.186742181 
-2.262380973 -1.899712065 -1.522117230 -1.172362686 
0.967057800 2.383789257 1.698346176 0.828674655 
1.912663589 2.626719608 -2.889763477 -3.050549722 
-0.730000130 -0.387874368 -0.178752285 0.404216889 
-0.699565947 -0.350782891 0.000000000 0.320027605 
2.004037725 1.967335934 0.598460227 0.587504661 
1.016431746 3.087060621 3.055477712 2.521442573 
2.916845799 2.667420685 2.321295897 1.036913951 
0.428685136 0.780701488 1.148215263 1.500003940 
0.473596846 0.790445716 1.149293157 1.503602765 
-2.854984080 -2.395303366 -2.486625935 -2.612945181 
-1.850757637 -1.820799126 -2.008027575 2.763093494 
1.982129501 2.354963957 2.742079866 3.100512989 
1.965388368 2.343822394 2.711991716 3.124868975 
-1.886823453 -1.504902026 -0.580175536 -1.850787658 
-2.580899121 -2.246312108 -1.865111186 -1.478690712 
-2.590431332 -2.221776394 -1.851415788 -1.499146696 
0.628443422 2.053942967 0.670968100 1.183043902 
-1.352251875 2.952673549 -2.335096929 2.721186355 
-1.060968823 -0.751018444 -0.522233959 -0.281776826 
-1.030300862 -0.680024212 -0.320027605 0.000000000 
2.748448749 2.765715876 -3.017700576 -0.043404335 
0.592085260 1.697401804 2.367165876 2.631747175 
0.481795206 2.147063706 2.472945508 1.552692105 
-2.296159990 -2.632179930 1.628352042 -0.843926652 
1.488035044 1.787761859 2.165783377 2.508881039 
1.469671031 1.786034378 2.166060818 2.517444547 
3.134761379 -2.252797389 -1.854691692 -1.744677094 
2.437238168 2.872569709 -2.984924617 -2.835291508 
2.987066633 -2.951086715 -2.561367896 -2.219031566 
2.946687631 -3.000390376 -2.583714354 -2.215418649 
-2.653205969 -2.321700195 -3.136047842 -2.563782104 
-1.594401209 -1.204936850 -0.863265997 -0.556702433 
-1.583317944 -1.200360540 -0.814551221 -0.453398216 
-2.402655268 -1.936930408 -1.869036449 1.203387170 
-2.145564283 -1.154048232 -2.067434898 0.738582409 
1.602675765 -2.505396578 -2.004037725 -2.748448749 
0.000000000 0.335654167 0.707919289 1.018611066 
1.382352338 0.331877102 0.742177183 1.069325163 
2.266938137 2.234295713 2.347378917 -0.809733021 
-2.694891283 -1.892190800 -1.840549350 -0.662988612 
1.129696993 1.444285795 1.822157471 2.146871301 
1.130241719 1.453525652 1.820712661 2.151771914 
1.803237805 -2.774524227 -2.189125868 1.955833293 
-1.641144832 0.382704867 -1.175600103 1.590859741 
2.647662888 2.996740596 -2.902453847 -2.563235435 
2.623400745 2.953089409 -2.948851471 -2.544251194 
1.869903389 1.754829865 1.965958620 2.805883989 
-1.925669469 -1.571344621 -1.206714746 -0.863193448 
-1.919151023 -1.552512259 -1.161679420 -0.807558723 
-2.341727168 -2.230878817 1.728371975 1.136550230 
-3.104977521 -1.989494271 -3.097024319 -1.940422139 
-0.363102325 -0.216742940 -1.967335934 -2.765715876 
-0.335654167 0.000000000 0.354907949 0.675475722 
-2.994136951 -0.168501704 0.430887349 0.741713046 
-2.536576592 -2.965830879 -2.753584053 0.265088028 
-2.896186580 -1.668225473 0.040368989 -1.034569507 
0.755577912 1.075410080 1.451745019 1.779443171 
0.769597391 1.103431685 1.480770433 1.804789617 
1.978779423 -1.649730068 -0.868228431 1.150922240 
-1.412671783 0.885381133 1.880890037 2.361573197 
2.278594178 2.637111007 3.016934195 -2.912257686 
2.267199586 2.610401403 3.017692369 -2.826623535 
2.192942944 2.152708465 2.719894123 -3.036044870 
-2.286439881 -1.945206929 -1.560505317 -1.212993559 
-2.269623798 -1.903870136 -1.515763876 -1.173896605 
-1.339894981 0.923912638 0.974240124 0.983384245 
3.070681078 3.067188905 -2.104919327 -1.989451210 
-0.773970792 -0.495661096 -0.598460227 3.017700576 
-0.707919289 -0.354907949 0.000000000 0.301176667 
-2.097210430 -0.706647985 0.245241620 0.433135669 
-1.923918847 -2.983013738 2.830325670 0.755723078 
2.446769538 -1.783028030 -0.882665108 -2.023938184 
0.430695240 0.756038819 1.122334492 1.460169321 
0.442601806 0.807202089 1.167589851 1.488858475 
-2.933684592 -1.710138971 2.599466245 -2.885869934 
0.885759475 1.164810326 1.711156839 -0.159927598 
1.932084277 2.303328365 2.690467584 3.057053690 
1.962602891 2.327790500 2.704163183 -2.945758119 
2.599108170 2.473852815 3.022674535 -2.881038606 
-2.614820900 -2.256339280 -1.898988310 -1.538809890 
-2.587223016 -2.224500707 -1.833190239 -1.488476469 
2.889783786 2.461192003 -2.930608513 2.291146031 
2.417635192 -2.923573850 -2.593937809 -3.028496056 
-1.088391952 -0.775692938 -0.587504661 0.043404335 
-1.018611066 -0.675475722 -0.301176667 0.000000000 
-2.349271171 -2.159326580 -2.858565134 0.268315296 
1.314478672 3.004402601 -2.441048867 -2.086605055 
-2.894015305 -0.028571611 1.529000175 1.388401214 
2.944929306 2.234329769 2.769265442 1.681901691 
1.483312398 1.767062187 2.119221145 2.465132538 
2.542321557 -2.241094698 -0.383739608 -2.085348203 
-3.027949294 -2.269011059 2.730399172 2.974566407 
-2.304319829 2.791559517 2.598558819 3.013637371 
2.962245434 -3.000695950 -2.605317656 -2.260651227 
2.987274620 0.476928396 -2.499945714 1.051576170 
2.810413631 2.293650768 -2.712224523 -2.433797180 
-1.602437175 -1.272817019 -0.877784925 -0.645565237 
-1.627204103 -1.233331897 -0.820266624 -0.454740226 
-1.860648258 -1.726654997 -1.242097876 3.129004067 
-2.540569974 -3.077650671 -1.016431746 -0.592085260 
-1.382352338 2.994136951 2.097210430 2.349271171 
0.000000000 0.322346350 0.694718915 1.014961112 
0.967598836 2.431804532 2.892451999 -2.400468508 
-3.012142457 1.075878110 2.037547076 1.221726581 
2.733083137 2.984771530 -2.530994811 2.199270643 
1.115382031 1.436746927 1.788080372 2.120281532 
2.135810843 -2.897401177 -1.315378367 2.155958538 
1.948263555 2.813070367 2.981611891 3.136183693 
-1.789567484 -0.995515869 -0.235128828 -2.723929233 
2.607908028 2.955651297 -2.952591081 -2.596750340 
-2.648283990 2.069030314 2.542351542 0.742311532 
2.254187028 2.423701545 3.066787733 -1.529104056 
-1.930524925 -1.586540629 -1.189323596 -0.853229054 
-1.951564828 -1.571122052 -1.150099641 -0.783256201 
-0.024886355 3.003339252 -1.083879893 0.384406885 
-2.816409847 -2.120818749 -3.087060621 -1.697401804 
-0.331877102 0.168501704 0.706647985 2.159326580 
-0.322346350 0.000000000 0.350150271 0.678175924 
-0.417716410 2.105960684 3.097470718 -2.476471139 
2.602170121 -0.638095889 1.732712449 1.136714361 
-2.870245010 3.048120265 -2.967799892 -2.168309196 
0.730454385 1.069363181 1.438183433 1.754683141 
0.908247936 3.083402559 -2.143595153 1.185410026 
-2.221510826 2.245908654 2.210813818 -2.848196178 
-1.770410894 -2.814718362 -2.375878956 -1.574447218 
2.235900659 2.587382106 2.974817370 -2.967176714 
1.872982475 1.558020424 1.760688823 -1.005406163 
1.957890585 1.815003685 1.964781261 1.926171761 
-2.307583661 -1.954075491 -1.546434853 -1.237940647 
-2.319422665 -1.916386245 -1.501838531 -1.152558221 
-2.638335693 -3.008953519 -2.582568821 0.330735776 
2.960870185 -2.854516992 -3.055477712 -2.367165876 
-0.742177183 -0.430887349 -0.245241620 2.858565134 
-0.694718915 -0.350150271 0.000000000 0.306660341 
-1.780416343 1.085321534 -3.012342562 -2.088220272 
-2.286843435 -0.187276033 -0.569211382 1.760962224 
-1.870172127 -1.919368325 -2.810162896 -2.712195249 
0.389118138 0.737546892 1.095877755 1.439046510 
0.755147350 1.482723720 -2.483623213 1.226421219 
-1.743922026 1.865490354 2.579656580 -3.030605199 
-1.694716271 -3.066747752 2.888437216 3.080716298 
1.907689076 2.260340094 2.655819611 3.022976633 
2.104638789 2.442844555 2.780723295 -2.947560515 
1.446818260 1.863919399 2.048417962 2.162851139 
-2.625720035 -2.272197228 -1.871469148 -1.527730585 
-2.685022118 -2.302285637 -1.863134780 -1.463485350 
-2.593820041 -2.637299874 -1.986571865 -0.083894441 
-3.039817662 -2.818962292 -2.521442573 -2.631747175 
-1.069325163 -0.741713046 -0.433135669 -0.268315296 
-1.014961112 -0.678175924 -0.306660341 0.000000000 
